facing_boundaries:
  atdoor:
    boundary: [[-0.2445986270904541,-1.208891749382019], [-0.33646512031555176, -0.6798440217971802], [-0.5950932502746582, -1.2673488855361938], [-0.6078801155090332, -0.5796063542366028]]
    threshold: 0.5  # Threshold for yaw tolerance when facing the door
  bin:
    boundary: [[0.6602711081504822, -0.5814048051834106], [0.44463884830474854, -0.19178029894828796], [0.3729562759399414, -0.7346863150596619], [0.24501466751098633, -0.19372284412384033]]
    threshold: 0.35  # Threshold for yaw tolerance when facing the bin
  table:
    boundary: [[-0.8234601020812988, -1.3558356761932373], [-0.7824721336364746, -1.7678495645523071], [-0.4347403049468994, -1.6483075618743896], [-0.44015049934387207, -1.3673845529556274]]  # Table boundary coordinates
    threshold: 0.3  # Threshold for yaw tolerance when facing the table
  postdoor:
    boundary: [[.3429161310195923,-1.028787612915039], [0.29053735733032227, -0.4409966468811035 ], [ 0.0756605863571167, -1.081870198249817], [0.06063389778137207, -0.5278562307357788]]
    threshold: 0.5  # Threshold for yaw tolerance when facing the door

